image_width: 640
image_height: 480
camera_name: kinect
camera_matrix:
   rows: 3
   cols: 3
   data: [ 547.93832973, 0.00000000, 309.23624661, 0.00000000, 547.93832973, 267.24026954, 0.00000000, 0.00000000, 1.00000000 ]
distortion_coefficients:
   rows: 1
   cols: 5
   data: [ 0.21106758, -0.36886523, 0.00000000, 0.00000000, 0.00000000 ]
rectification_matrix:
   rows: 3
   cols: 3
   data: [ 1., 0., 0., 0., 1., 0., 0., 0., 1. ]
projection_matrix:
   rows: 3
   cols: 4
   data: [ 547.93832973, 0.00000000, 309.23624661, 0., 0.00000000, 547.93832973, 267.24026954, 0., 0.00000000, 0.00000000, 1.00000000, 0. ]
